Epoch 19/19
----------
train Loss: 0.7800 Acc: 0.7317
val Loss: 0.7388 Acc: 0.7628

Training complete in 24m 39s
Best val Acc: 0.762755
[array([1, 0, 2, 0, 1, 4, 4, 2, 1, 3, 0, 0, 2, 1, 2, 0]), array([3, 3, 1, 1, 2, 1, 2, 4, 1, 4, 2, 4, 3, 3, 3, 3]), array([4, 2, 1, 1, 1, 0, 3, 0, 1, 3, 0, 4, 2, 2, 1, 2]), array([1, 0, 0, 1, 0, 0, 3, 2, 1, 3, 4, 0, 4, 3, 4, 3]), array([1, 2, 1, 2, 4, 2, 0, 2, 3, 0, 4, 1, 4, 2, 1, 2]), array([2, 1, 2, 4, 3, 2, 2, 2, 0, 1, 2, 2, 2, 1, 3, 3]), array([4, 3, 3, 1, 4, 1, 3, 4, 3, 1, 1, 1, 4, 1, 1, 2]), array([2, 1, 0, 3, 3, 1, 1, 2, 1, 2, 3, 1, 3, 0, 2, 4]), array([1, 3, 1, 2, 2, 1, 0, 1, 1, 3, 0, 4, 3, 4, 2, 0]), array([1, 4, 1, 2, 0, 3, 1, 2, 4, 3, 0, 4, 2, 4, 3, 1]), array([3, 2, 2, 3, 2, 4, 1, 3, 0, 3, 0, 4, 0, 0, 2, 1]), array([1, 1, 4, 1, 4, 0, 1, 2, 0, 0, 4, 4, 1, 4, 3, 4]), array([4, 4, 3, 1, 4, 3, 0, 3, 4, 1, 2, 2, 2, 0, 1, 3]), array([3, 0, 4, 3, 0, 2, 2, 2, 4, 1, 2, 0, 1, 3, 3, 1]), array([3, 4, 0, 3, 0, 2, 2, 2, 1, 2, 3, 4, 4, 0, 4, 0]), array([1, 1, 4, 4, 3, 4, 2, 0, 2, 3, 1, 0, 1, 4, 3, 0]), array([2, 3, 4, 2, 0, 3, 3, 0, 1, 1, 0, 1, 1, 0, 3, 3]), array([2, 2, 4, 2, 3, 3, 2, 4, 4, 0, 3, 1, 4, 3, 1, 0]), array([3, 0, 0, 1, 2, 4, 4, 2, 4, 0, 1, 1, 3, 3, 1, 3]), array([0, 3, 2, 1, 0, 2, 2, 3, 2, 2, 4, 2, 4, 3, 1, 1]), array([4, 0, 2, 2, 3, 3, 3, 1, 0, 4, 3, 4, 4, 0, 0, 2]), array([4, 1, 0, 4, 2, 0, 4, 0, 4, 3, 1, 1, 4, 4, 1, 1]), array([1, 0, 3, 2, 4, 3, 0, 3, 1, 0, 3, 3, 1, 1, 0, 4]), array([4, 4, 2, 1, 0, 3, 3, 4, 0, 2, 0, 0, 0, 4, 4, 0]), array([3, 1, 2, 2, 3, 4, 3, 3, 3, 0, 4, 3, 4, 4, 3, 4]), array([0, 3, 0, 4, 3, 3, 4, 1, 1, 2, 1, 3, 4, 0, 1, 4]), array([1, 1, 3, 2, 0, 3, 1, 0, 2, 2, 2, 4, 1, 3, 4, 1]), array([4, 2, 4, 2, 2, 3, 1, 2, 4, 0, 0, 3, 3, 0, 3, 4]), array([0, 4, 4, 3, 3, 0, 3, 3, 0, 4, 3, 3, 3, 4, 4, 0]), array([4, 1, 2, 2, 3, 1, 3, 2, 0, 0, 2, 1, 4, 2, 4, 2]), array([3, 4, 3, 3, 3, 2, 4, 3, 2, 2, 1, 2, 1, 1, 2, 4]), array([2, 2, 2, 4, 3, 1, 4, 0, 3, 2, 4, 4, 4, 1, 4, 4]), array([3, 3, 1, 4, 0, 0, 1, 4, 2, 1, 2, 3, 2, 4, 4, 0]), array([3, 4, 1, 4, 3, 4, 2, 4, 3, 4, 2, 0, 4, 3, 1, 3]), array([3, 4, 4, 2, 4, 1, 2, 3, 1, 0, 2, 1, 2, 4, 2, 2]), array([1, 4, 1, 1, 1, 2, 0, 2, 3, 3, 0, 0, 3, 1, 4, 1]), array([3, 3, 0, 3, 4, 0, 4, 3, 2, 4, 4, 0, 2, 3, 1, 0]), array([1, 1, 1, 0, 2, 1, 0, 0, 0, 4, 1, 1, 0, 4, 3, 2]), array([4, 1, 3, 3, 0, 2, 1, 4, 2, 1, 0, 0, 1, 3, 1, 4]), array([0, 1, 0, 0, 0, 4, 1, 1, 0, 1, 2, 0, 3, 3, 2, 4]), array([0, 2, 0, 3, 2, 2, 2, 1, 2, 4, 1, 0, 4, 3, 2, 1]), array([3, 1, 1, 0, 3, 0, 0, 3, 2, 2, 0, 1, 0, 0, 0, 1]), array([0, 4, 4, 1, 0, 2, 3, 4, 2, 3, 0, 1, 2, 3, 0, 2]), array([2, 4, 2, 2, 0, 4, 2, 1, 4, 2, 4, 0, 2, 0, 2, 1]), array([2, 4, 0, 2, 0, 2, 0, 2, 1, 2, 3, 4, 1, 4, 4, 0]), array([4, 2, 3, 4, 3, 1, 4, 0, 0, 1, 1, 3, 0, 2, 2, 1]), array([2, 3, 4, 1, 3, 4, 0, 3, 3, 2, 4, 2, 1, 0, 3, 1]), array([4, 4, 3, 4, 2, 1, 4, 2, 0, 0, 1, 0, 0, 2, 2, 0]), array([2, 1, 1, 3, 3, 0, 3, 4, 3, 2, 4, 3])]
[array([1, 1, 2, 0, 1, 4, 0, 2, 1, 3, 0, 0, 1, 4, 2, 0]), array([1, 3, 1, 1, 2, 3, 2, 4, 2, 4, 2, 4, 3, 3, 3, 1]), array([4, 2, 1, 1, 0, 0, 3, 1, 1, 3, 0, 4, 2, 1, 1, 2]), array([2, 0, 4, 1, 0, 0, 3, 2, 0, 1, 4, 0, 4, 3, 4, 3]), array([1, 2, 1, 2, 4, 2, 0, 2, 1, 0, 4, 1, 4, 2, 1, 2]), array([2, 1, 2, 0, 3, 2, 2, 2, 0, 0, 2, 2, 2, 1, 3, 3]), array([0, 3, 3, 4, 4, 1, 3, 4, 0, 3, 1, 1, 4, 0, 0, 2]), array([2, 0, 0, 3, 3, 1, 3, 2, 1, 1, 3, 1, 3, 0, 2, 4]), array([4, 0, 1, 2, 2, 0, 0, 0, 1, 3, 4, 4, 3, 4, 2, 4]), array([1, 4, 1, 2, 0, 0, 1, 2, 4, 3, 0, 4, 1, 0, 3, 0]), array([3, 2, 2, 3, 2, 4, 0, 1, 0, 3, 1, 4, 4, 0, 2, 1]), array([2, 1, 4, 1, 4, 0, 1, 2, 0, 4, 4, 1, 1, 4, 0, 4]), array([4, 0, 3, 3, 4, 1, 0, 3, 4, 1, 4, 2, 2, 0, 1, 1]), array([4, 0, 4, 3, 0, 2, 2, 1, 4, 1, 2, 0, 4, 3, 1, 1]), array([1, 4, 0, 3, 0, 2, 2, 2, 4, 2, 3, 0, 4, 0, 0, 0]), array([0, 1, 4, 4, 0, 4, 2, 0, 2, 3, 1, 0, 1, 4, 4, 0]), array([2, 3, 4, 2, 4, 3, 3, 0, 4, 1, 0, 1, 1, 0, 3, 4]), array([4, 2, 4, 2, 3, 3, 2, 0, 4, 4, 3, 0, 4, 3, 3, 0]), array([1, 0, 0, 1, 2, 0, 4, 2, 0, 0, 0, 1, 0, 0, 1, 3]), array([0, 0, 2, 1, 0, 2, 2, 3, 2, 2, 4, 2, 4, 3, 1, 1]), array([4, 0, 2, 2, 0, 3, 3, 3, 0, 4, 3, 4, 4, 0, 0, 2]), array([4, 0, 0, 4, 2, 0, 4, 0, 4, 4, 1, 1, 4, 4, 1, 4]), array([0, 0, 1, 1, 4, 4, 4, 3, 1, 0, 0, 3, 1, 1, 4, 4]), array([4, 4, 2, 1, 0, 3, 3, 4, 4, 2, 0, 0, 4, 4, 1, 0]), array([1, 1, 2, 2, 4, 4, 1, 4, 3, 4, 4, 4, 4, 4, 3, 4]), array([0, 3, 0, 4, 3, 1, 4, 1, 1, 4, 1, 1, 4, 0, 1, 4]), array([4, 1, 3, 2, 4, 3, 1, 0, 2, 2, 0, 4, 1, 1, 4, 1]), array([4, 2, 4, 4, 2, 3, 1, 2, 4, 0, 0, 4, 3, 0, 3, 4]), array([0, 4, 4, 3, 4, 1, 1, 1, 0, 4, 3, 2, 3, 4, 4, 0]), array([4, 1, 2, 2, 0, 1, 3, 2, 0, 0, 4, 1, 4, 2, 4, 2]), array([3, 4, 3, 3, 4, 2, 4, 3, 2, 2, 3, 2, 1, 3, 2, 0]), array([2, 2, 1, 4, 3, 1, 4, 0, 4, 2, 4, 4, 4, 4, 4, 4]), array([3, 3, 1, 4, 0, 0, 1, 4, 2, 1, 2, 3, 2, 0, 1, 0]), array([3, 4, 1, 2, 3, 4, 2, 4, 3, 4, 2, 0, 4, 3, 1, 3]), array([3, 4, 0, 2, 4, 4, 2, 3, 1, 0, 2, 4, 2, 4, 1, 2]), array([0, 4, 1, 1, 1, 2, 0, 2, 3, 3, 0, 0, 3, 1, 4, 1]), array([1, 1, 0, 4, 4, 0, 4, 3, 2, 4, 4, 0, 2, 3, 1, 0]), array([4, 1, 1, 0, 2, 0, 0, 0, 0, 4, 1, 0, 0, 4, 3, 1]), array([4, 1, 1, 3, 0, 2, 4, 4, 2, 1, 0, 0, 1, 3, 3, 0]), array([0, 1, 0, 0, 0, 4, 1, 1, 1, 1, 2, 0, 3, 1, 2, 4]), array([0, 2, 0, 3, 2, 2, 2, 1, 1, 3, 1, 0, 0, 3, 2, 4]), array([3, 4, 1, 0, 3, 0, 0, 3, 2, 2, 0, 3, 0, 0, 1, 1]), array([0, 4, 0, 1, 0, 2, 3, 4, 2, 3, 0, 4, 2, 3, 0, 0]), array([2, 1, 2, 2, 0, 4, 2, 1, 4, 2, 4, 0, 4, 0, 2, 1]), array([4, 4, 0, 2, 0, 2, 0, 2, 1, 2, 3, 4, 1, 4, 4, 0]), array([4, 2, 3, 4, 3, 1, 4, 0, 0, 4, 1, 3, 0, 2, 2, 1]), array([2, 0, 4, 3, 3, 4, 1, 3, 1, 1, 4, 2, 1, 0, 3, 1]), array([4, 4, 1, 2, 2, 4, 4, 2, 0, 0, 1, 0, 0, 2, 2, 0]), array([4, 1, 1, 3, 3, 0, 1, 4, 1, 2, 4, 3])]
<class 'list'>
[1, 0, 2, 0, 1, 4, 4, 2, 1, 3, 0, 0, 2, 1, 2, 0, 3, 3, 1, 1, 2, 1, 2, 4, 1, 4, 2, 4, 3, 3, 3, 3, 4, 2, 1, 1, 1, 0, 3, 0, 1, 3, 0, 4, 2, 2, 1, 2, 1, 0, 0, 1, 0, 0, 3, 2, 1, 3, 4, 0, 4, 3, 4, 3, 1, 2, 1, 2, 4, 2, 0, 2, 3, 0, 4, 1, 4, 2, 1, 2, 2, 1, 2, 4, 3, 2, 2, 2, 0, 1, 2, 2, 2, 1, 3, 3, 4, 3, 3, 1, 4, 1, 3, 4, 3, 1, 1, 1, 4, 1, 1, 2, 2, 1, 0, 3, 3, 1, 1, 2, 1, 2, 3, 1, 3, 0, 2, 4, 1, 3, 1, 2, 2, 1, 0, 1, 1, 3, 0, 4, 3, 4, 2, 0, 1, 4, 1, 2, 0, 3, 1, 2, 4, 3, 0, 4, 2, 4, 3, 1, 3, 2, 2, 3, 2, 4, 1, 3, 0, 3, 0, 4, 0, 0, 2, 1, 1, 1, 4, 1, 4, 0, 1, 2, 0, 0, 4, 4, 1, 4, 3, 4, 4, 4, 3, 1, 4, 3, 0, 3, 4, 1, 2, 2, 2, 0, 1, 3, 3, 0, 4, 3, 0, 2, 2, 2, 4, 1, 2, 0, 1, 3, 3, 1, 3, 4, 0, 3, 0, 2, 2, 2, 1, 2, 3, 4, 4, 0, 4, 0, 1, 1, 4, 4, 3, 4, 2, 0, 2, 3, 1, 0, 1, 4, 3, 0, 2, 3, 4, 2, 0, 3, 3, 0, 1, 1, 0, 1, 1, 0, 3, 3, 2, 2, 4, 2, 3, 3, 2, 4, 4, 0, 3, 1, 4, 3, 1, 0, 3, 0, 0, 1, 2, 4, 4, 2, 4, 0, 1, 1, 3, 3, 1, 3, 0, 3, 2, 1, 0, 2, 2, 3, 2, 2, 4, 2, 4, 3, 1, 1, 4, 0, 2, 2, 3, 3, 3, 1, 0, 4, 3, 4, 4, 0, 0, 2, 4, 1, 0, 4, 2, 0, 4, 0, 4, 3, 1, 1, 4, 4, 1, 1, 1, 0, 3, 2, 4, 3, 0, 3, 1, 0, 3, 3, 1, 1, 0, 4, 4, 4, 2, 1, 0, 3, 3, 4, 0, 2, 0, 0, 0, 4, 4, 0, 3, 1, 2, 2, 3, 4, 3, 3, 3, 0, 4, 3, 4, 4, 3, 4, 0, 3, 0, 4, 3, 3, 4, 1, 1, 2, 1, 3, 4, 0, 1, 4, 1, 1, 3, 2, 0, 3, 1, 0, 2, 2, 2, 4, 1, 3, 4, 1, 4, 2, 4, 2, 2, 3, 1, 2, 4, 0, 0, 3, 3, 0, 3, 4, 0, 4, 4, 3, 3, 0, 3, 3, 0, 4, 3, 3, 3, 4, 4, 0, 4, 1, 2, 2, 3, 1, 3, 2, 0, 0, 2, 1, 4, 2, 4, 2, 3, 4, 3, 3, 3, 2, 4, 3, 2, 2, 1, 2, 1, 1, 2, 4, 2, 2, 2, 4, 3, 1, 4, 0, 3, 2, 4, 4, 4, 1, 4, 4, 3, 3, 1, 4, 0, 0, 1, 4, 2, 1, 2, 3, 2, 4, 4, 0, 3, 4, 1, 4, 3, 4, 2, 4, 3, 4, 2, 0, 4, 3, 1, 3, 3, 4, 4, 2, 4, 1, 2, 3, 1, 0, 2, 1, 2, 4, 2, 2, 1, 4, 1, 1, 1, 2, 0, 2, 3, 3, 0, 0, 3, 1, 4, 1, 3, 3, 0, 3, 4, 0, 4, 3, 2, 4, 4, 0, 2, 3, 1, 0, 1, 1, 1, 0, 2, 1, 0, 0, 0, 4, 1, 1, 0, 4, 3, 2, 4, 1, 3, 3, 0, 2, 1, 4, 2, 1, 0, 0, 1, 3, 1, 4, 0, 1, 0, 0, 0, 4, 1, 1, 0, 1, 2, 0, 3, 3, 2, 4, 0, 2, 0, 3, 2, 2, 2, 1, 2, 4, 1, 0, 4, 3, 2, 1, 3, 1, 1, 0, 3, 0, 0, 3, 2, 2, 0, 1, 0, 0, 0, 1, 0, 4, 4, 1, 0, 2, 3, 4, 2, 3, 0, 1, 2, 3, 0, 2, 2, 4, 2, 2, 0, 4, 2, 1, 4, 2, 4, 0, 2, 0, 2, 1, 2, 4, 0, 2, 0, 2, 0, 2, 1, 2, 3, 4, 1, 4, 4, 0, 4, 2, 3, 4, 3, 1, 4, 0, 0, 1, 1, 3, 0, 2, 2, 1, 2, 3, 4, 1, 3, 4, 0, 3, 3, 2, 4, 2, 1, 0, 3, 1, 4, 4, 3, 4, 2, 1, 4, 2, 0, 0, 1, 0, 0, 2, 2, 0, 2, 1, 1, 3, 3, 0, 3, 4, 3, 2, 4, 3]
[1, 1, 2, 0, 1, 4, 0, 2, 1, 3, 0, 0, 1, 4, 2, 0, 1, 3, 1, 1, 2, 3, 2, 4, 2, 4, 2, 4, 3, 3, 3, 1, 4, 2, 1, 1, 0, 0, 3, 1, 1, 3, 0, 4, 2, 1, 1, 2, 2, 0, 4, 1, 0, 0, 3, 2, 0, 1, 4, 0, 4, 3, 4, 3, 1, 2, 1, 2, 4, 2, 0, 2, 1, 0, 4, 1, 4, 2, 1, 2, 2, 1, 2, 0, 3, 2, 2, 2, 0, 0, 2, 2, 2, 1, 3, 3, 0, 3, 3, 4, 4, 1, 3, 4, 0, 3, 1, 1, 4, 0, 0, 2, 2, 0, 0, 3, 3, 1, 3, 2, 1, 1, 3, 1, 3, 0, 2, 4, 4, 0, 1, 2, 2, 0, 0, 0, 1, 3, 4, 4, 3, 4, 2, 4, 1, 4, 1, 2, 0, 0, 1, 2, 4, 3, 0, 4, 1, 0, 3, 0, 3, 2, 2, 3, 2, 4, 0, 1, 0, 3, 1, 4, 4, 0, 2, 1, 2, 1, 4, 1, 4, 0, 1, 2, 0, 4, 4, 1, 1, 4, 0, 4, 4, 0, 3, 3, 4, 1, 0, 3, 4, 1, 4, 2, 2, 0, 1, 1, 4, 0, 4, 3, 0, 2, 2, 1, 4, 1, 2, 0, 4, 3, 1, 1, 1, 4, 0, 3, 0, 2, 2, 2, 4, 2, 3, 0, 4, 0, 0, 0, 0, 1, 4, 4, 0, 4, 2, 0, 2, 3, 1, 0, 1, 4, 4, 0, 2, 3, 4, 2, 4, 3, 3, 0, 4, 1, 0, 1, 1, 0, 3, 4, 4, 2, 4, 2, 3, 3, 2, 0, 4, 4, 3, 0, 4, 3, 3, 0, 1, 0, 0, 1, 2, 0, 4, 2, 0, 0, 0, 1, 0, 0, 1, 3, 0, 0, 2, 1, 0, 2, 2, 3, 2, 2, 4, 2, 4, 3, 1, 1, 4, 0, 2, 2, 0, 3, 3, 3, 0, 4, 3, 4, 4, 0, 0, 2, 4, 0, 0, 4, 2, 0, 4, 0, 4, 4, 1, 1, 4, 4, 1, 4, 0, 0, 1, 1, 4, 4, 4, 3, 1, 0, 0, 3, 1, 1, 4, 4, 4, 4, 2, 1, 0, 3, 3, 4, 4, 2, 0, 0, 4, 4, 1, 0, 1, 1, 2, 2, 4, 4, 1, 4, 3, 4, 4, 4, 4, 4, 3, 4, 0, 3, 0, 4, 3, 1, 4, 1, 1, 4, 1, 1, 4, 0, 1, 4, 4, 1, 3, 2, 4, 3, 1, 0, 2, 2, 0, 4, 1, 1, 4, 1, 4, 2, 4, 4, 2, 3, 1, 2, 4, 0, 0, 4, 3, 0, 3, 4, 0, 4, 4, 3, 4, 1, 1, 1, 0, 4, 3, 2, 3, 4, 4, 0, 4, 1, 2, 2, 0, 1, 3, 2, 0, 0, 4, 1, 4, 2, 4, 2, 3, 4, 3, 3, 4, 2, 4, 3, 2, 2, 3, 2, 1, 3, 2, 0, 2, 2, 1, 4, 3, 1, 4, 0, 4, 2, 4, 4, 4, 4, 4, 4, 3, 3, 1, 4, 0, 0, 1, 4, 2, 1, 2, 3, 2, 0, 1, 0, 3, 4, 1, 2, 3, 4, 2, 4, 3, 4, 2, 0, 4, 3, 1, 3, 3, 4, 0, 2, 4, 4, 2, 3, 1, 0, 2, 4, 2, 4, 1, 2, 0, 4, 1, 1, 1, 2, 0, 2, 3, 3, 0, 0, 3, 1, 4, 1, 1, 1, 0, 4, 4, 0, 4, 3, 2, 4, 4, 0, 2, 3, 1, 0, 4, 1, 1, 0, 2, 0, 0, 0, 0, 4, 1, 0, 0, 4, 3, 1, 4, 1, 1, 3, 0, 2, 4, 4, 2, 1, 0, 0, 1, 3, 3, 0, 0, 1, 0, 0, 0, 4, 1, 1, 1, 1, 2, 0, 3, 1, 2, 4, 0, 2, 0, 3, 2, 2, 2, 1, 1, 3, 1, 0, 0, 3, 2, 4, 3, 4, 1, 0, 3, 0, 0, 3, 2, 2, 0, 3, 0, 0, 1, 1, 0, 4, 0, 1, 0, 2, 3, 4, 2, 3, 0, 4, 2, 3, 0, 0, 2, 1, 2, 2, 0, 4, 2, 1, 4, 2, 4, 0, 4, 0, 2, 1, 4, 4, 0, 2, 0, 2, 0, 2, 1, 2, 3, 4, 1, 4, 4, 0, 4, 2, 3, 4, 3, 1, 4, 0, 0, 4, 1, 3, 0, 2, 2, 1, 2, 0, 4, 3, 3, 4, 1, 3, 1, 1, 4, 2, 1, 0, 3, 1, 4, 4, 1, 2, 2, 4, 4, 2, 0, 0, 1, 0, 0, 2, 2, 0, 4, 1, 1, 3, 3, 0, 1, 4, 1, 2, 4, 3]
Confusion Matrix:
 [[124   7   0   0  13]
 [ 18 109   3  11  18]
 [  2  11 138   0   8]
 [ 12  26   1 107  13]
 [ 16   4   2   1 136]]
