Epoch 19/19
----------
train Loss: 0.0051 Acc: 0.9996
val Loss: 0.2338 Acc: 0.9260

Training complete in 67m 57s
Best val Acc: 0.926020
val hist:
[tensor(0.6990, device='cuda:0', dtype=torch.float64), tensor(0.8163, device='cuda:0', dtype=torch.float64), tensor(0.8138, device='cuda:0', dtype=torch.float64), tensor(0.8852, device='cuda:0', dtype=torch.float64), tensor(0.8520, device
='cuda:0', dtype=torch.float64), tensor(0.8010, device='cuda:0', dtype=torch.float64), tensor(0.8954, device='cuda:0', dtype=torch.float64), tensor(0.9082, device='cuda:0', dtype=torch.float64), tensor(0.8597, device='cuda:0', dtype=torch
.float64), tensor(0.9082, device='cuda:0', dtype=torch.float64), tensor(0.8852, device='cuda:0', dtype=torch.float64), tensor(0.8648, device='cuda:0', dtype=torch.float64), tensor(0.9082, device='cuda:0', dtype=torch.float64), tensor(0.91
07, device='cuda:0', dtype=torch.float64), tensor(0.9235, device='cuda:0', dtype=torch.float64), tensor(0.8980, device='cuda:0', dtype=torch.float64), tensor(0.9056, device='cuda:0', dtype=torch.float64), tensor(0.9107, device='cuda:0', d
type=torch.float64), tensor(0.9184, device='cuda:0', dtype=torch.float64), tensor(0.9260, device='cuda:0', dtype=torch.float64)]
train hist:
[tensor(0.6467, device='cuda:0', dtype=torch.float64), tensor(0.8317, device='cuda:0', dtype=torch.float64), tensor(0.8793, device='cuda:0', dtype=torch.float64), tensor(0.9029, device='cuda:0', dtype=torch.float64), tensor(0.9360, device
='cuda:0', dtype=torch.float64), tensor(0.9477, device='cuda:0', dtype=torch.float64), tensor(0.9676, device='cuda:0', dtype=torch.float64), tensor(0.9793, device='cuda:0', dtype=torch.float64), tensor(0.9818, device='cuda:0', dtype=torch
.float64), tensor(0.9862, device='cuda:0', dtype=torch.float64), tensor(0.9829, device='cuda:0', dtype=torch.float64), tensor(0.9884, device='cuda:0', dtype=torch.float64), tensor(0.9945, device='cuda:0', dtype=torch.float64), tensor(0.9909, device='cuda:0', dtype=torch.float64), tensor(0.9964, device='cuda:0', dtype=torch.float64), tensor(0.9898, device='cuda:0', dtype=torch.float64), tensor(0.9964, device='cuda:0', dtype=torch.float64), tensor(0.9975, device='cuda:0', $type=torch.float64), tensor(0.9993, device='cuda:0', dtype=torch.float64), tensor(0.9996, device='cuda:0', dtype=torch.float64)]
[array([2, 1, 0, 3, 4, 2, 4, 3]), array([3, 2, 3, 0, 1, 0, 4, 0]), array([3, 3, 0, 0, 3, 0, 2, 4]), array([4, 0, 3, 2, 2, 4, 2, 1]), array([3, 0, 0, 2, 1, 1, 3, 4]), array([2, 2, 4, 4, 0, 1, 1, 4]), array([1, 4, 2, 3, 3, 2, 1, 4]), array$[1, 3, 4, 4, 3, 1, 3, 1]), array([4, 2, 3, 2, 4, 4, 4, 4]), array([4, 2, 2, 4, 3, 3, 2, 1]), array([1, 1, 3, 4, 4, 3, 4, 4]), array([2, 0, 0, 1, 2, 4, 1, 1]), array([0, 4, 2, 2, 1, 2, 4, 4]), array([4, 4, 4, 1, 0, 3, 3, 3]), array([4, 0, 3, 2, 0, 3, 0, 2]), array([3, 1, 0, 1, 3, 3, 0, 2]), array([2, 2, 0, 4, 1, 1, 1, 4]), array([2, 3, 3, 4, 1, 2, 0, 4]), array([4, 3, 2, 3, 1, 3, 4, 4]), array([4, 2, 1, 3, 0, 1, 4, 2]), array([4, 4, 0, 4, 4, 2, 4, 4]), array([2, 4, 4, 3, $, 0, 0, 3]), array([1, 4, 1, 2, 0, 3, 3, 1]), array([4, 1, 1, 4, 0, 4, 4, 3]), array([0, 2, 4, 4, 1, 2, 1, 2]), array([0, 4, 0, 2, 2, 4, 2, 2]), array([3, 0, 1, 0, 2, 1, 1, 1]), array([0, 0, 3, 4, 1, 0, 4, 0]), array([1, 2, 2, 0, 1, 1, 1$ 4]), array([4, 4, 0, 3, 4, 4, 1, 1]), array([3, 4, 2, 4, 0, 3, 2, 1]), array([3, 1, 4, 2, 3, 3, 3, 4]), array([4, 3, 0, 2, 2, 2, 1, 0]), array([1, 2, 1, 3, 0, 3, 2, 3]), array([4, 2, 4, 4, 1, 1, 3, 2]), array([3, 4, 1, 1, 2, 3, 4, 0]), $rray([2, 3, 1, 4, 4, 2, 2, 3]), array([2, 3, 0, 2, 0, 3, 3, 1]), array([4, 1, 3, 3, 0, 0, 4, 1]), array([0, 2, 3, 4, 1, 1, 3, 2]), array([4, 3, 4, 4, 4, 3, 1, 3]), array([0, 2, 2, 1, 3, 4, 1, 1]), array([3, 2, 0, 3, 0, 0, 0, 4]), array([$, 4, 1, 0, 2, 3, 1, 1]), array([2, 0, 4, 3, 0, 3, 2, 1]), array([4, 3, 3, 2, 4, 2, 1, 0]), array([4, 0, 2, 3, 1, 2, 1, 0]), array([3, 2, 2, 2, 2, 4, 3, 2]), array([1, 4, 1, 1, 0, 2, 3, 2]), array([1, 2, 3, 3, 1, 2, 1, 4]), array([3, 2, 4$ 0, 0, 2, 4, 2]), array([3, 1, 4, 1, 1, 4, 1, 4]), array([1, 4, 2, 3, 2, 3, 3, 2]), array([0, 2, 3, 0, 0, 0, 0, 4]), array([4, 2, 3, 1, 1, 3, 2, 0]), array([1, 4, 2, 0, 2, 1, 1, 0]), array([2, 1, 3, 3, 3, 1, 4, 4]), array([3, 2, 4, 2, 1, 1, 4, 1]), array([0, 2, 1, 1, 1, 3, 3, 1]), array([4, 1, 1, 0, 0, 0, 2, 1]), array([2, 3, 0, 4, 4, 3, 2, 2]), array([0, 2, 3, 1, 1, 4, 1, 4]), array([4, 0, 0, 0, 1, 3, 4, 4]), array([1, 3, 0, 3, 3, 3, 3, 0]), array([3, 3, 0, 2, 3, 3, 2, $]), array([2, 0, 2, 0, 3, 3, 2, 2]), array([2, 0, 3, 4, 1, 3, 2, 0]), array([4, 0, 2, 3, 0, 2, 1, 3]), array([1, 0, 2, 2, 2, 1, 2, 3]), array([3, 4, 1, 2, 3, 4, 3, 3]), array([1, 0, 3, 2, 3, 1, 1, 2]), array([2, 2, 0, 3, 3, 2, 0, 0]), ar$ay([2, 0, 1, 4, 0, 0, 1, 1]), array([0, 1, 3, 3, 0, 0, 1, 2]), array([0, 1, 1, 4, 2, 3, 3, 2]), array([0, 0, 1, 0, 0, 1, 3, 4]), array([4, 0, 3, 0, 4, 0, 0, 2]), array([4, 4, 1, 3, 0, 1, 3, 4]), array([1, 3, 0, 0, 2, 0, 2, 0]), array([1, 4, 2, 0, 2, 0, 0, 1]), array([4, 1, 4, 0, 4, 1, 3, 0]), array([3, 4, 0, 4, 2, 1, 4, 1]), array([2, 2, 4, 2, 4, 2, 4, 3]), array([1, 2, 0, 1, 1, 2, 3, 4]), array([2, 2, 3, 4, 4, 2, 1, 4]), array([3, 2, 0, 3, 0, 0, 3, 4]), array([1, 1, 3, $, 1, 4, 3, 0]), array([1, 4, 1, 1, 4, 1, 2, 3]), array([1, 0, 2, 4, 1, 0, 3, 1]), array([1, 2, 0, 3, 0, 3, 3, 4]), array([0, 1, 3, 1, 3, 2, 0, 0]), array([2, 2, 2, 0, 1, 1, 1, 0]), array([2, 2, 3, 1, 1, 0, 3, 2]), array([4, 0, 0, 1, 4, 2$ 4, 4]), array([4, 0, 2, 1, 4, 4, 2, 4]), array([4, 3, 3, 4, 2, 0, 2, 2]), array([1, 0, 4, 3, 3, 3, 2, 3]), array([3, 0, 0, 0])]
[array([2, 1, 0, 3, 4, 2, 4, 3]), array([3, 2, 3, 0, 1, 4, 4, 1]), array([1, 1, 0, 0, 3, 0, 2, 4]), array([4, 0, 3, 2, 2, 4, 2, 1]), array([1, 0, 0, 2, 1, 1, 3, 4]), array([2, 2, 4, 4, 0, 1, 1, 4]), array([1, 4, 2, 3, 3, 2, 1, 4]), array$[1, 3, 4, 4, 3, 1, 3, 1]), array([4, 2, 3, 2, 4, 4, 4, 4]), array([4, 2, 2, 4, 3, 3, 2, 0]), array([1, 1, 3, 4, 4, 3, 4, 4]), array([2, 0, 0, 1, 2, 4, 1, 1]), array([0, 4, 2, 2, 1, 2, 4, 4]), array([4, 4, 4, 1, 0, 3, 3, 3]), array([4, 0, 3, 2, 0, 3, 0, 2]), array([3, 1, 0, 1, 1, 3, 0, 2]), array([2, 2, 0, 4, 1, 1, 1, 4]), array([2, 3, 3, 4, 1, 2, 0, 4]), array([4, 3, 2, 3, 1, 4, 4, 4]), array([4, 2, 1, 3, 0, 1, 4, 2]), array([4, 4, 0, 4, 4, 2, 4, 1]), array([2, 1, 4, 3, $, 0, 0, 3]), array([1, 1, 1, 2, 0, 3, 3, 1]), array([4, 1, 1, 4, 0, 4, 4, 3]), array([1, 2, 4, 4, 1, 2, 1, 2]), array([1, 4, 0, 2, 2, 4, 2, 2]), array([3, 0, 1, 0, 2, 1, 1, 1]), array([0, 0, 3, 4, 0, 0, 4, 0]), array([3, 2, 2, 0, 1, 1, 1$ 4]), array([4, 4, 0, 1, 4, 4, 1, 1]), array([3, 4, 2, 4, 0, 3, 2, 1]), array([3, 1, 4, 2, 3, 3, 3, 4]), array([4, 3, 0, 2, 2, 2, 1, 0]), array([3, 2, 1, 3, 0, 3, 2, 3]), array([4, 2, 4, 4, 1, 1, 3, 2]), array([3, 4, 1, 1, 2, 3, 4, 0]), $rray([2, 3, 1, 4, 4, 2, 2, 3]), array([2, 3, 0, 2, 0, 3, 3, 1]), array([4, 1, 3, 3, 1, 0, 4, 1]), array([0, 2, 3, 4, 1, 1, 1, 2]), array([4, 3, 4, 4, 4, 3, 1, 3]), array([0, 2, 2, 1, 3, 4, 1, 1]), array([3, 2, 0, 3, 0, 0, 0, 4]), array([$, 4, 1, 0, 2, 3, 1, 1]), array([2, 0, 4, 3, 0, 3, 2, 1]), array([4, 3, 3, 2, 4, 2, 1, 4]), array([4, 0, 2, 3, 1, 2, 1, 0]), array([3, 2, 2, 2, 2, 4, 3, 2]), array([1, 4, 1, 1, 0, 2, 3, 2]), array([1, 2, 3, 3, 1, 2, 1, 4]), array([3, 2, 4$ 0, 0, 2, 4, 2]), array([3, 1, 4, 1, 1, 4, 1, 4]), array([1, 4, 2, 3, 1, 0, 3, 2]), array([0, 2, 3, 0, 0, 0, 0, 4]), array([4, 2, 3, 1, 1, 1, 2, 0]), array([0, 4, 2, 0, 2, 1, 1, 0]), array([2, 1, 3, 3, 3, 1, 4, 4]), array([3, 2, 0, 2, 1, 1, 4, 4]), array([0, 2, 1, 1, 1, 3, 3, 1]), array([4, 3, 1, 0, 0, 0, 2, 3]), array([2, 3, 4, 4, 4, 3, 2, 2]), array([0, 2, 3, 1, 1, 4, 1, 4]), array([4, 0, 4, 0, 1, 1, 4, 4]), array([1, 3, 0, 3, 3, 3, 3, 0]), array([3, 3, 0, 2, 3, 3, 2, $]), array([2, 0, 2, 0, 3, 3, 2, 2]), array([2, 0, 0, 4, 1, 3, 2, 0]), array([4, 0, 2, 3, 0, 2, 0, 3]), array([1, 0, 2, 2, 2, 1, 2, 3]), array([3, 0, 1, 2, 3, 4, 3, 3]), array([1, 0, 3, 2, 3, 1, 1, 2]), array([2, 2, 0, 3, 3, 2, 0, 0]), ar$ay([2, 0, 1, 4, 0, 0, 1, 1]), array([1, 1, 0, 3, 0, 0, 1, 2]), array([0, 1, 1, 4, 2, 3, 3, 2]), array([0, 0, 1, 0, 0, 1, 1, 4]), array([4, 0, 3, 0, 4, 0, 0, 2]), array([4, 4, 1, 3, 0, 1, 3, 4]), array([1, 3, 0, 0, 2, 0, 2, 0]), array([1, 0, 2, 0, 2, 0, 0, 1]), array([4, 1, 4, 1, 4, 1, 3, 0]), array([3, 4, 0, 4, 2, 1, 4, 1]), array([2, 2, 4, 2, 4, 2, 4, 3]), array([1, 2, 0, 1, 1, 2, 3, 4]), array([2, 2, 3, 4, 4, 2, 1, 4]), array([3, 2, 0, 3, 0, 0, 3, 4]), array([1, 1, 3, $, 1, 4, 3, 0]), array([1, 4, 1, 4, 4, 1, 2, 3]), array([1, 0, 2, 4, 1, 0, 3, 1]), array([1, 2, 0, 1, 0, 3, 3, 4]), array([0, 0, 3, 1, 3, 2, 0, 0]), array([2, 2, 2, 0, 3, 1, 1, 0]), array([2, 2, 1, 1, 0, 0, 4, 2]), array([4, 1, 0, 1, 4, 2$ 4, 4]), array([4, 0, 2, 1, 4, 4, 2, 4]), array([4, 3, 3, 4, 2, 0, 2, 2]), array([1, 0, 4, 3, 3, 3, 2, 3]), array([3, 0, 0, 0])]
<class 'list'>
[2, 1, 0, 3, 4, 2, 4, 3, 3, 2, 3, 0, 1, 0, 4, 0, 3, 3, 0, 0, 3, 0, 2, 4, 4, 0, 3, 2, 2, 4, 2, 1, 3, 0, 0, 2, 1, 1, 3, 4, 2, 2, 4, 4, 0, 1, 1, 4, 1, 4, 2, 3, 3, 2, 1, 4, 1, 3, 4, 4, 3, 1, 3, 1, 4, 2, 3, 2, 4, 4, 4, 4, 4, 2, 2, 4, 3, 3, 2, 1, 1, 1, 3, 4, 4, 3, 4, 4, 2, 0, 0, 1, 2, 4, 1, 1, 0, 4, 2, 2, 1, 2, 4, 4, 4, 4, 4, 1, 0, 3, 3, 3, 4, 0, 3, 2, 0, 3, 0, 2, 3, 1, 0, 1, 3, 3, 0, 2, 2, 2, 0, 4, 1, 1, 1, 4, 2, 3, 3, 4, 1, 2, 0, 4, 4, 3, 2, 3, 1, 3, 4, 4, 4, 2, 1, 3, 0, 1, $, 2, 4, 4, 0, 4, 4, 2, 4, 4, 2, 4, 4, 3, 1, 0, 0, 3, 1, 4, 1, 2, 0, 3, 3, 1, 4, 1, 1, 4, 0, 4, 4, 3, 0, 2, 4, 4, 1, 2, 1, 2, 0, 4, 0, 2, 2, 4, 2, 2, 3, 0, 1, 0, 2, 1, 1, 1, 0, 0, 3, 4, 1, 0, 4, 0, 1, 2, 2, 0, 1, 1, 1, 4, 4, 4, 0, 3, 4, 4$ 1, 1, 3, 4, 2, 4, 0, 3, 2, 1, 3, 1, 4, 2, 3, 3, 3, 4, 4, 3, 0, 2, 2, 2, 1, 0, 1, 2, 1, 3, 0, 3, 2, 3, 4, 2, 4, 4, 1, 1, 3, 2, 3, 4, 1, 1, 2, 3, 4, 0, 2, 3, 1, 4, 4, 2, 2, 3, 2, 3, 0, 2, 0, 3, 3, 1, 4, 1, 3, 3, 0, 0, 4, 1, 0, 2, 3, 4, 1, 1, 3, 2, 4, 3, 4, 4, 4, 3, 1, 3, 0, 2, 2, 1, 3, 4, 1, 1, 3, 2, 0, 3, 0, 0, 0, 4, 1, 4, 1, 0, 2, 3, 1, 1, 2, 0, 4, 3, 0, 3, 2, 1, 4, 3, 3, 2, 4, 2, 1, 0, 4, 0, 2, 3, 1, 2, 1, 0, 3, 2, 2, 2, 2, 4, 3, 2, 1, 4, 1, 1, 0, 2, 3, 2, 1, 2, 3, 3, $, 2, 1, 4, 3, 2, 4, 0, 0, 2, 4, 2, 3, 1, 4, 1, 1, 4, 1, 4, 1, 4, 2, 3, 2, 3, 3, 2, 0, 2, 3, 0, 0, 0, 0, 4, 4, 2, 3, 1, 1, 3, 2, 0, 1, 4, 2, 0, 2, 1, 1, 0, 2, 1, 3, 3, 3, 1, 4, 4, 3, 2, 4, 2, 1, 1, 4, 1, 0, 2, 1, 1, 1, 3, 3, 1, 4, 1, 1, 0$ 0, 0, 2, 1, 2, 3, 0, 4, 4, 3, 2, 2, 0, 2, 3, 1, 1, 4, 1, 4, 4, 0, 0, 0, 1, 3, 4, 4, 1, 3, 0, 3, 3, 3, 3, 0, 3, 3, 0, 2, 3, 3, 2, 0, 2, 0, 2, 0, 3, 3, 2, 2, 2, 0, 3, 4, 1, 3, 2, 0, 4, 0, 2, 3, 0, 2, 1, 3, 1, 0, 2, 2, 2, 1, 2, 3, 3, 4, 1, 2, 3, 4, 3, 3, 1, 0, 3, 2, 3, 1, 1, 2, 2, 2, 0, 3, 3, 2, 0, 0, 2, 0, 1, 4, 0, 0, 1, 1, 0, 1, 3, 3, 0, 0, 1, 2, 0, 1, 1, 4, 2, 3, 3, 2, 0, 0, 1, 0, 0, 1, 3, 4, 4, 0, 3, 0, 4, 0, 0, 2, 4, 4, 1, 3, 0, 1, 3, 4, 1, 3, 0, 0, 2, 0, 2, 0, 1, 4, $, 0, 2, 0, 0, 1, 4, 1, 4, 0, 4, 1, 3, 0, 3, 4, 0, 4, 2, 1, 4, 1, 2, 2, 4, 2, 4, 2, 4, 3, 1, 2, 0, 1, 1, 2, 3, 4, 2, 2, 3, 4, 4, 2, 1, 4, 3, 2, 0, 3, 0, 0, 3, 4, 1, 1, 3, 3, 1, 4, 3, 0, 1, 4, 1, 1, 4, 1, 2, 3, 1, 0, 2, 4, 1, 0, 3, 1, 1, 2$ 0, 3, 0, 3, 3, 4, 0, 1, 3, 1, 3, 2, 0, 0, 2, 2, 2, 0, 1, 1, 1, 0, 2, 2, 3, 1, 1, 0, 3, 2, 4, 0, 0, 1, 4, 2, 4, 4, 4, 0, 2, 1, 4, 4, 2, 4, 4, 3, 3, 4, 2, 0, 2, 2, 1, 0, 4, 3, 3, 3, 2, 3, 3, 0, 0, 0]
[2, 1, 0, 3, 4, 2, 4, 3, 3, 2, 3, 0, 1, 4, 4, 1, 1, 1, 0, 0, 3, 0, 2, 4, 4, 0, 3, 2, 2, 4, 2, 1, 1, 0, 0, 2, 1, 1, 3, 4, 2, 2, 4, 4, 0, 1, 1, 4, 1, 4, 2, 3, 3, 2, 1, 4, 1, 3, 4, 4, 3, 1, 3, 1, 4, 2, 3, 2, 4, 4, 4, 4, 4, 2, 2, 4, 3, 3, 2, 0, 1, 1, 3, 4, 4, 3, 4, 4, 2, 0, 0, 1, 2, 4, 1, 1, 0, 4, 2, 2, 1, 2, 4, 4, 4, 4, 4, 1, 0, 3, 3, 3, 4, 0, 3, 2, 0, 3, 0, 2, 3, 1, 0, 1, 1, 3, 0, 2, 2, 2, 0, 4, 1, 1, 1, 4, 2, 3, 3, 4, 1, 2, 0, 4, 4, 3, 2, 3, 1, 4, 4, 4, 4, 2, 1, 3, 0, 1, 4
, 2, 4, 4, 0, 4, 4, 2, 4, 1, 2, 1, 4, 3, 1, 0, 0, 3, 1, 1, 1, 2, 0, 3, 3, 1, 4, 1, 1, 4, 0, 4, 4, 3, 1, 2, 4, 4, 1, 2, 1, 2, 1, 4, 0, 2, 2, 4, 2, 2, 3, 0, 1, 0, 2, 1, 1, 1, 0, 0, 3, 4, 0, 0, 4, 0, 3, 2, 2, 0, 1, 1, 1, 4, 4, 4, 0, 1, 4, 4,
 1, 1, 3, 4, 2, 4, 0, 3, 2, 1, 3, 1, 4, 2, 3, 3, 3, 4, 4, 3, 0, 2, 2, 2, 1, 0, 3, 2, 1, 3, 0, 3, 2, 3, 4, 2, 4, 4, 1, 1, 3, 2, 3, 4, 1, 1, 2, 3, 4, 0, 2, 3, 1, 4, 4, 2, 2, 3, 2, 3, 0, 2, 0, 3, 3, 1, 4, 1, 3, 3, 1, 0, 4, 1, 0, 2, 3, 4, 1, 
1, 1, 2, 4, 3, 4, 4, 4, 3, 1, 3, 0, 2, 2, 1, 3, 4, 1, 1, 3, 2, 0, 3, 0, 0, 0, 4, 1, 4, 1, 0, 2, 3, 1, 1, 2, 0, 4, 3, 0, 3, 2, 1, 4, 3, 3, 2, 4, 2, 1, 4, 4, 0, 2, 3, 1, 2, 1, 0, 3, 2, 2, 2, 2, 4, 3, 2, 1, 4, 1, 1, 0, 2, 3, 2, 1, 2, 3, 3, 1
, 2, 1, 4, 3, 2, 4, 0, 0, 2, 4, 2, 3, 1, 4, 1, 1, 4, 1, 4, 1, 4, 2, 3, 1, 0, 3, 2, 0, 2, 3, 0, 0, 0, 0, 4, 4, 2, 3, 1, 1, 1, 2, 0, 0, 4, 2, 0, 2, 1, 1, 0, 2, 1, 3, 3, 3, 1, 4, 4, 3, 2, 0, 2, 1, 1, 4, 4, 0, 2, 1, 1, 1, 3, 3, 1, 4, 3, 1, 0,
 0, 0, 2, 3, 2, 3, 4, 4, 4, 3, 2, 2, 0, 2, 3, 1, 1, 4, 1, 4, 4, 0, 4, 0, 1, 1, 4, 4, 1, 3, 0, 3, 3, 3, 3, 0, 3, 3, 0, 2, 3, 3, 2, 0, 2, 0, 2, 0, 3, 3, 2, 2, 2, 0, 0, 4, 1, 3, 2, 0, 4, 0, 2, 3, 0, 2, 0, 3, 1, 0, 2, 2, 2, 1, 2, 3, 3, 0, 1, 
2, 3, 4, 3, 3, 1, 0, 3, 2, 3, 1, 1, 2, 2, 2, 0, 3, 3, 2, 0, 0, 2, 0, 1, 4, 0, 0, 1, 1, 1, 1, 0, 3, 0, 0, 1, 2, 0, 1, 1, 4, 2, 3, 3, 2, 0, 0, 1, 0, 0, 1, 1, 4, 4, 0, 3, 0, 4, 0, 0, 2, 4, 4, 1, 3, 0, 1, 3, 4, 1, 3, 0, 0, 2, 0, 2, 0, 1, 0, 2
, 0, 2, 0, 0, 1, 4, 1, 4, 1, 4, 1, 3, 0, 3, 4, 0, 4, 2, 1, 4, 1, 2, 2, 4, 2, 4, 2, 4, 3, 1, 2, 0, 1, 1, 2, 3, 4, 2, 2, 3, 4, 4, 2, 1, 4, 3, 2, 0, 3, 0, 0, 3, 4, 1, 1, 3, 3, 1, 4, 3, 0, 1, 4, 1, 4, 4, 1, 2, 3, 1, 0, 2, 4, 1, 0, 3, 1, 1, 2,
 0, 1, 0, 3, 3, 4, 0, 0, 3, 1, 3, 2, 0, 0, 2, 2, 2, 0, 3, 1, 1, 0, 2, 2, 1, 1, 0, 0, 4, 2, 4, 1, 0, 1, 4, 2, 4, 4, 4, 0, 2, 1, 4, 4, 2, 4, 4, 3, 3, 4, 2, 0, 2, 2, 1, 0, 4, 3, 3, 3, 2, 3, 3, 0, 0, 0]
Confusion Matrix:
 [[133   7   0   0   4]
 [  6 146   0   5   2]
 [  0   1 158   0   0]
 [  3  11   0 143   2]
 [  3   3   0   0 153]]
 
