Training complete in 11m 26s
Best train Acc: about 0.62
Best val Acc: 0.437500
[array([4, 2, 1, 2, 4, 1, 1, 0, 3, 1, 3, 5, 0, 5, 4, 3, 3, 0, 4, 1]), array([0, 5, 4, 2, 5, 5, 1, 4, 0, 0, 5, 1, 0, 0, 5, 4, 2, 5, 2, 5]), array([4, 1, 3, 4, 2, 5, 5, 0, 2, 3, 2, 4, 0, 3, 3, 0, 5, 0, 1, 3]), array([1, 2, 2, 3, 1, 0, 3, 4, 0, 5, 2, 2, 3, 5, 1, 1, 3, 2, 4, 4]), array([2, 3, 1, 4, 5, 4, 0, 3, 1, 2])]
[array([4, 2, 2, 2, 0, 2, 1, 0, 4, 1, 0, 2, 0, 1, 4, 2, 3, 2, 2, 1]), array([4, 5, 4, 1, 3, 4, 1, 4, 4, 0, 2, 2, 2, 4, 4, 2, 4, 4, 4, 0]), array([2, 2, 3, 4, 2, 4, 4, 0, 2, 3, 2, 2, 4, 3, 3, 1, 3, 4, 3, 1]), array([3, 2, 2, 3, 2, 3, 2, 2, 0, 4, 2, 2, 2, 3, 2, 4, 0, 2, 4, 4]), array([2, 2, 1, 3, 1, 4, 2, 3, 2, 2])]
<class 'list'>
Confusion Matrix:
 [[ 5  1  3  1  5  0]
 [ 0  5  7  2  1  0]
 [ 0  1 12  0  2  0]
 [ 2  1  4  7  1  0]
 [ 1  0  5  1  8  0]
 [ 1  2  2  3  6  1]]
